quarter_model:
  q1:
    intercept: -0.5825
    coefficient: 0.013153
    league_avg: 28.531
  q2:
    intercept: -0.3412
    coefficient: 0.010222
    league_avg: 28.3485
  q3:
    intercept: -0.636
    coefficient: 0.00939
    league_avg: 28.443
  q4:
    intercept: -0.1658
    coefficient: 0.00546
    league_avg: 27.2341
  calibration:
    train_games: 6227
    q1_r2: 0.052
    q1_mae: 6.6383
    q2_r2: 0.033
    q2_mae: 6.5599
    q3_r2: 0.0263
    q3_mae: 6.7906
    q4_r2: 0.0103
    q4_mae: 6.3352
    note: "Preliminary \u2014 retrain after full backfill"
