quarter_model:
  q1:
    intercept: -0.5415
    coefficient: 0.013582
    league_avg: 28.4652
  q2:
    intercept: -0.4807
    coefficient: 0.009418
    league_avg: 28.3362
  q3:
    intercept: -0.6733
    coefficient: 0.009295
    league_avg: 28.3439
  q4:
    intercept: -0.1474
    coefficient: 0.004973
    league_avg: 27.2175
  calibration:
    train_games: 4915
    q1_r2: 0.0533
    q1_mae: 6.6073
    q2_r2: 0.0273
    q2_mae: 6.4775
    q3_r2: 0.0241
    q3_mae: 6.8069
    q4_r2: 0.0082
    q4_mae: 6.3283
    note: "Preliminary \u2014 retrain after full backfill"
