quarter_model:
  q1:
    intercept: -0.7353
    coefficient: 0.010391
    league_avg: 27.972
  q2:
    intercept: 0.3779
    coefficient: 0.006782
    league_avg: 28.56
  q3:
    intercept: -1.6465
    coefficient: 0.004861
    league_avg: 28.028
  q4:
    intercept: 1.0494
    coefficient: 0.000163
    league_avg: 26.62
  calibration:
    train_games: 125
    q1_r2: 0.025
    q1_mae: 6.4901
    q2_r2: 0.0092
    q2_mae: 6.9371
    q3_r2: 0.0055
    q3_mae: 6.5257
    q4_r2: 0.0
    q4_mae: 6.2741
    note: "Preliminary \u2014 retrain after full backfill"
